30.000000
19.920000
17.236326
15.601696
14.457075
13.595393
12.916522
12.364539
11.905163
11.515945
11.181444
10.890616
10.635316
10.409380
10.208041
10.027546
9.864892
9.717645
9.583803
9.461708
9.349970
9.247412
9.153034
9.065978
8.985501
8.910960
8.841792
8.777504
8.717661
8.661877
8.609808
8.561150
8.515627
8.472995
8.433030
8.395534
8.360323
8.327232
8.296112
8.266826
8.239246
8.213259
8.188758
8.165647
8.143835
8.123240
8.103786
8.085402
8.068023
8.051586
8.036036
8.021321
8.007391
7.994200
7.981706
7.969869
7.958651
7.948018
7.937937
7.928377
7.919309
7.910707
7.902546
7.894801
7.887449
7.880471
7.873846
7.867555
7.861580
7.855906
7.850516
7.845396
7.840531
7.835908
7.831516
7.827341
7.823373
7.819602
7.816017
7.812609
7.809369
7.806288
7.803359
7.800573
7.797925
7.795405
7.793010
7.790731
7.788564
7.786502
7.784541
7.782676
7.780901
7.779213
7.777607
7.776079
7.774625
7.773242
7.771925
7.770673
7.769482
7.768348
7.767269
7.766242
7.765265
7.764335
7.763450
7.762608
7.761806
7.761044
7.760318
7.759627
7.758970
7.758344
7.757749
7.757182
7.756642
7.756129
7.755640
7.755175
7.754732
7.754310
7.753909
7.753527
7.753164
7.752818
7.752489
7.752175
7.751877
7.751593
7.751322
7.751065
7.750820
7.750587
7.750365
7.750154
7.749952
7.749761
7.749578
7.749405
7.749240
7.749083
7.748933
7.748790
7.748655
7.748526
7.748403
7.748286
7.748174
7.748068
7.747967
7.747871
7.747780
7.747693
7.747610
7.747531
7.747456
7.747384
7.747316
7.747251
7.747190
7.747131
7.747075
7.747022
7.746971
7.746923
7.746877
7.746833
7.746792
7.746752
7.746715
7.746679
7.746644
7.746612
7.746581
7.746552
7.746523
7.746497
7.746471
7.746447
7.746424
7.746402
7.746381
7.746361
7.746342
7.746324
7.746307
7.746291
7.746275
7.746260
7.746246
7.746233
7.746220
7.746208
7.746196
7.746185
7.746175
7.746165
